function [y] = FF(x)
y= 440.4650*x.^-1 + 59.9190 + 0.1113*x + 0.0088*x.^2;

end

